p_p_o16_o17_t12_t13__l2

observed data from Diderot-Dev [[38.209801, -30.733782], [-27.6504, -65.939316], [-25.31007, -21.025892], [-35.300594, -34.853523], [27.435444, -40.992218], [-36.936958, -24.258251], [-26.575075, -10.069947]]

correct data from python[[38.2097998491141, -30.7337809601170], [-27.6504007282795, -65.9393169005388], [-25.3100694210000, -21.0258920040000], [-35.3005929183891, -34.8535224740776], [27.4354439110129, -40.9922163468255], [-36.9369583577862, -24.2582518115384], [-26.5750753287396, -10.0699469144742]]

 positions[[-0.27, -0.15, 0.32], [-0.16, 0.37, 0.34], [0.36, 0.35, -0.25], [0.26, 0.26, -0.31], [-0.25, 0.01, 0.34], [0.27, 0.23, -0.03], [0.36, 0.36, 0.31]]

Params(0)

-p_o16_o17_t12_t13__l2 inner_product(outer_product)| F_v2_d3,F_v2_d3,F_v2_d3| Rst: V-0 RA

