p_p_o5_o26_t2_tN_tN__l2

observed data from vis15 [[0.26859453, -0.40360889, -0.11789811, -0.40360889, 0.060401276, 1.4412572, -0.11789811, 1.4412572, 1.7688603], [0.0043287189, -0.13283992, 0.075165085, -0.13283992, -0.11066708, 0.029290982, 0.075165085, 0.029290982, 0.11925516], [-0.13659862, -0.0223736, 0.083329961, -0.0223736, 0.14044994, 0.063494019, 0.083329961, 0.063494019, 0.072955631], [-0.1882322, 0.018122856, 0.059397455, 0.018122856, 0.19885109, 0.14646134, 0.059397455, 0.14646134, 0.098732725], [0.035516646, -0.23284148, 0.025494657, -0.23284148, -0.33913165, 0.28186765, 0.025494657, 0.28186765, 0.49284497], [-0.65706664, -0.15022177, -0.29882082, -0.15022177, 1.6706728, 2.3169026, -0.29882082, 2.3169026, 2.437417], [-0.17908268, 0.029155655, 0.034532256, 0.029155655, 0.22562203, 0.1840802, 0.034532256, 0.1840802, 0.094443478]]

correct data from python[[0.268708048719023, -0.402927364327140, -0.117931544520861, -0.402927364327140, 0.0603346704467148, 1.44122706768245, -0.117931544520861, 1.44122706768245, 1.76903156531592], [0.00423388187458098, -0.132821500678290, 0.0751624689811758, -0.132821500678290, -0.110535594140350, 0.0292609046122450, 0.0751624689811758, 0.0292609046122450, 0.119205690112481], [-0.136789950582917, -0.0223232587543419, 0.0833208395995422, -0.0223232587543419, 0.140402780675667, 0.0635360958279169, 0.0833208395995422, 0.0635360958279169, 0.0729402006780760], [-0.188545177566187, 0.0181349407842749, 0.0593882349775530, 0.0181349407842749, 0.198867549646302, 0.146414636450872, 0.0593882349775530, 0.146414636450872, 0.0987554307144798], [0.0356415742040864, -0.232777321741597, 0.0254413970405524, -0.232777321741597, -0.339152793103247, 0.281866506240788, 0.0254413970405524, 0.281866506240788, 0.492895124150825], [-0.657042919682521, -0.150221404874951, -0.298787256502819, -0.150221404874951, 1.67069300472956, 2.31686105187765, -0.298787256502819, 2.31686105187765, 2.43743587092434], [-0.179091479707983, 0.0290627970550332, 0.0345881379065496, 0.0290627970550332, 0.225719842367546, 0.184055879209420, 0.0345881379065496, 0.184055879209420, 0.0944770679164483]]

 positions[[0.13, 0.13, 0.31], [0.11, -0.04, -0.37], [-0.05, -0.32, -0.23], [-0.11, -0.37, 0.06], [0.11, 0.14, -0.0], [-0.32, -0.01, 0.4], [-0.09, -0.4, 0.16]]

Params(1)

-p_o5_o26_t2_tN_tN__l2 hessian(inverse)| F_s_d3| Rst: W-1 RA

