p_p_o5_o13_t1_t8_tN__l2

observed data from vis15 [[-2.4014132, 0.66712856, 0.48352575], [-3.1940525, 0.58673531, 0.47941634], [-1.6523705, 0.099908277, 1.129573], [-2.8961203, 0.08942353, 1.0280182], [-3.5381331, 1.231832, -0.20338909], [-6.5785728, -6.1246085, 8.5580959], [-3.9185712, 0.68075371, 0.35812595]]

correct data from python[[-2.40141313933300, 0.667128524876088, 0.483525697712321], [-3.19405244282777, 0.586735314396691, 0.479416404323429], [-1.65237042860304, 0.0999082777593691, 1.12957309534186], [-2.89611984969793, 0.0894235830391166, 1.02801819510036], [-3.53813277248183, 1.23183179604670, -0.203389061689025], [-6.57857387572417, -6.12461097468824, 8.55809722657739], [-3.91857094917941, 0.680753607934407, 0.358125942002335]]

 positions[[0.19, 0.35], [0.14, 0.16], [-0.14, 0.19], [-0.03, 0.07], [0.35, 0.32], [-0.34, -0.14], [0.16, 0.11]]

Params(2)

-p_o5_o13_t1_t8_tN__l2 multiplication(inverse)| F_s_d2,F_v3_d2| Rst: V-0 RA

