p_s_23__n_2_

observed data from Diderot-Dev [[-2.9180019, 2.9581923, -8.4120598], [-3.0268216, 3.0911679, -5.8260708], [-1.710891, 2.2472572, -4.8080959], [-3.9492011, 4.2299466, -8.5195436], [-2.7034683, 4.1171269, -9.1930838], [-2.53424, 3.8232324, -7.5818381], [-0.65433002, 1.1825794, -3.647639]]

correct data from python[[-2.91777907800000, 2.95807326400000, -8.41209729600000], [-3.02682760000000, 3.09117080000000, -5.82604645000000], [-1.71089100000000, 2.24729568000000, -4.80809600000000], [-3.94920100000000, 4.22936368000000, -8.51954400000000], [-2.70337862400000, 4.11713799200000, -9.19296710400000], [-2.53425164800000, 3.82323342400000, -7.58183851200000], [-0.654328831000000, 1.18257908700000, -3.64763626700000]]

 positions[[0.08, 0.59, 0.89], [0.35, 0.17, 0.12], [0.08, 0.25, 0.18], [0.24, 0.5, 0.71], [0.46, 0.88, 0.91], [0.42, 0.66, 0.53], [0.01, 0.47, 0.13]]

Params(0)

-s_23__n_2_ grad ( F_s_d3, )| F_s_d3| Rst: W-0 RA

